%YAML:1.0

#--------------------------------------------------------------------------------------------
# Camera Parameters. Adjust them!
#--------------------------------------------------------------------------------------------

# Camera calibration and distortion parameters (OpenCV) 
Camera.fx: 488.336
Camera.fy: 488.336
Camera.cx: 644.347
Camera.cy: 401.562
 
Camera.k1: 0.0
Camera.k2: 0.0
Camera.p1: 0.0
Camera.p2: 0.0
 
Camera.width: 1280
Camera.height: 800

# Camera frames per second 
Camera.fps: 50.0

# stereo baseline times fx
Camera.bf: 58.60032

# Color order of the images (0: BGR, 1: RGB. It is ignored if images are grayscale)
Camera.RGB: 1

# Close/Far threshold. Baseline times.
ThDepth: 29

#--------------------------------------------------------------------------------------------
# Stereo Rectification. Only if you need to pre-rectify the images.
# Camera.fx, .fy, etc must be the same as in LEFT.P
#--------------------------------------------------------------------------------------------
LEFT.height: 800
LEFT.width: 1280
LEFT.D: !!opencv-matrix
   rows: 1
   cols: 5
   dt: d
   data:[0.00, 0.0, 0.0, 0.0, 0.0]
LEFT.K: !!opencv-matrix
   rows: 3
   cols: 3
   dt: d
   data: [488.336, 0.0, 644.347, 0.0, 488.343, 401.5618, 0.0, 0.0, 1.0]
LEFT.R:  !!opencv-matrix
   rows: 3
   cols: 3
   dt: d
   data: [ 0.99994682029098447, 0.0042379807775701547, 0.00940192048883879, -0.0041952912163475201, 0.99998082283423240, -0.00455560044138561203, -0.0094210467337519227, 0.0045159143814361286,
       0.99994542370858408 ]
LEFT.P:  !!opencv-matrix
   rows: 3
   cols: 4
   dt: d
   data: [518.5203729276, 0, 645.250058581, 0,  0, 518.5203729276, 416.3532389988, 0,  0, 0, 1, 0]

RIGHT.height: 800
RIGHT.width: 1280
RIGHT.D: !!opencv-matrix
   rows: 1
   cols: 5
   dt: d
   data:[0.0, 0.0, 0.0, 0.0, 0.0]
RIGHT.K: !!opencv-matrix
   rows: 3
   cols: 3
   dt: d
   data: [490.450, 0.0, 649.103, 0.0, 489.989, 429.680, 0.0, 0.0, 1]
RIGHT.R:  !!opencv-matrix
   rows: 3
   cols: 3
   dt: d
   data: [0.99998560954804505, 0.00493522221472591, -0.0021033968993112787, -0.0049256307871090041, 0.99997755842320279, 0.0045410143491452538, 0.0021257606106615196, -0.0045305884453716748,
       0.99998747737667426 ]
RIGHT.P:  !!opencv-matrix
   rows: 3
   cols: 4
   dt: d
   data: [518.5203729276, 0, 645.250058581, -623.895187325, 0, 518.5203729276,  416.3532389988, 0, 0, 0, 1, 0]

#--------------------------------------------------------------------------------------------
# ORB Parameters
#--------------------------------------------------------------------------------------------

# ORB Extractor: Number of features per image
ORBextractor.nFeatures: 1200

# ORB Extractor: Scale factor between levels in the scale pyramid 	
ORBextractor.scaleFactor: 1.2

# ORB Extractor: Number of levels in the scale pyramid	
ORBextractor.nLevels: 8

# ORB Extractor: Fast threshold
# Image is divided in a grid. At each cell FAST are extracted imposing a minimum response.
# Firstly we impose iniThFAST. If no corners are detected we impose a lower value minThFAST
# You can lower these values if your images have low contrast			
ORBextractor.iniThFAST: 20
ORBextractor.minThFAST: 7

#--------------------------------------------------------------------------------------------
# Viewer Parameters
#--------------------------------------------------------------------------------------------
Viewer.KeyFrameSize: 0.05
Viewer.KeyFrameLineWidth: 1
Viewer.GraphLineWidth: 0.9
Viewer.PointSize:2
Viewer.CameraSize: 0.08
Viewer.CameraLineWidth: 3
Viewer.ViewpointX: 0
Viewer.ViewpointY: -0.7
Viewer.ViewpointZ: -1.8
Viewer.ViewpointF: 500

