%YAML:1.0

#--------------------------------------------------------------------------------------------
# Camera Parameters. Adjust them!
#--------------------------------------------------------------------------------------------

# Camera calibration and distortion parameters (OpenCV) 
Camera.fx: 469.3661685396672
Camera.fy: 469.3661685396672
Camera.cx: 388.1214296170228
Camera.cy: 247.89099313269548
 
Camera.k1: -0.385345
Camera.k2: 0.121504
Camera.p1: 0.000264
Camera.p2: -0.000473
 
Camera.width: 752
Camera.height: 480

# Camera frames per second 
Camera.fps: 50.0

# stereo baseline times fx
Camera.bf: 46.9366

# Color order of the images (0: BGR, 1: RGB. It is ignored if images are grayscale)
Camera.RGB: 1

# Close/Far threshold. Baseline times.
ThDepth: 38.5

#--------------------------------------------------------------------------------------------
# Stereo Rectification. Only if you need to pre-rectify the images.
# Camera.fx, .fy, etc must be the same as in LEFT.P
#--------------------------------------------------------------------------------------------
LEFT.height: 480
LEFT.width: 752
LEFT.D: !!opencv-matrix
   rows: 1
   cols: 5
   dt: d
   data:[-0.3813841454008282, 0.12167037781796429, -0.00025049737815773985, -0.0009949695039559732, 0.0]
LEFT.K: !!opencv-matrix
   rows: 3
   cols: 3
   dt: d
   data: [469.3661685396672, 0.0, 388.1214296170228, 0.0, 470.2417799848503, 247.89099313269548, 0.0, 0.0, 1.0]
LEFT.R:  !!opencv-matrix
   rows: 3
   cols: 3
   dt: d
   data: [0.9997639822359311, 0.0006443165012250231, 0.02171554005774164, -0.0006771463654485214, 0.9999986389827924, 0.0015044950524540316, -0.02171454113152964, -0.001518844563919545, 0.9997630578365244]
LEFT.P:  !!opencv-matrix
   rows: 3
   cols: 4
   dt: d
   data: [446.88903136854594, 0.0, 370.43824005126953, 0.0, 0.0, 446.88903136854594, 253.1832160949707, 0.0, 0.0, 0.0, 1.0, 0.0]

RIGHT.height: 480
RIGHT.width: 752
RIGHT.D: !!opencv-matrix
   rows: 1
   cols: 5
   dt: d
   data:[-0.38176558200240207, 0.12150145762274375, 0.0004497461388315232, 0.00019143182496461527, 0.0]
RIGHT.K: !!opencv-matrix
   rows: 3
   cols: 3
   dt: d
   data: [468.2740815597016, 0.0, 374.1217702993108, 0.0, 469.173901103429, 262.54479553388313, 0.0, 0.0, 1.0]
RIGHT.R:  !!opencv-matrix
   rows: 3
   cols: 3
   dt: d
   data: [0.9999932178303779, -0.00021975638967363476, 0.0036764113447447268, 0.00022531399595883536, 0.9999988325306388, -0.0015113473997515673, -0.003676074924399012, 0.0015121654964680214, 0.9999920998831248]
RIGHT.P:  !!opencv-matrix
   rows: 3
   cols: 4
   dt: d
   data: [446.88903136854594, 0.0, 370.43824005126953, -44.585884554610175, 0.0, 446.88903136854594, 253.1832160949707, 0.0, 0.0, 0.0, 1.0, 0.0]

#--------------------------------------------------------------------------------------------
# ORB Parameters
#--------------------------------------------------------------------------------------------

# ORB Extractor: Number of features per image
ORBextractor.nFeatures: 1200

# ORB Extractor: Scale factor between levels in the scale pyramid 	
ORBextractor.scaleFactor: 1.2

# ORB Extractor: Number of levels in the scale pyramid	
ORBextractor.nLevels: 8

# ORB Extractor: Fast threshold
# Image is divided in a grid. At each cell FAST are extracted imposing a minimum response.
# Firstly we impose iniThFAST. If no corners are detected we impose a lower value minThFAST
# You can lower these values if your images have low contrast			
ORBextractor.iniThFAST: 20
ORBextractor.minThFAST: 7

#--------------------------------------------------------------------------------------------
# Viewer Parameters
#--------------------------------------------------------------------------------------------
Viewer.KeyFrameSize: 0.05
Viewer.KeyFrameLineWidth: 1
Viewer.GraphLineWidth: 0.9
Viewer.PointSize:2
Viewer.CameraSize: 0.08
Viewer.CameraLineWidth: 3
Viewer.ViewpointX: 0
Viewer.ViewpointY: -0.7
Viewer.ViewpointZ: -1.8
Viewer.ViewpointF: 500

