%YAML:1.0

#--------------------------------------------------------------------------------------------
# Camera Parameters. Adjust them!
#--------------------------------------------------------------------------------------------

# Camera calibration and distortion parameters (OpenCV) 
Camera.fx: 1724.1651
Camera.fy: 1724.1651
Camera.cx: 769.058
Camera.cy: 492.237

Camera.k1: 0.0
Camera.k2: 0.0
Camera.p1: 0.0
Camera.p2: 0.0
 
Camera.width: 1280
Camera.height: 960

# Camera frames per second 
Camera.fps: 30.0

# stereo baseline times fx
Camera.bf: 793.954

# Color order of the images (0: BGR, 1: RGB. It is ignored if images are grayscale)
Camera.RGB: 1

# Close/Far threshold. Baseline times.
ThDepth: 29

#--------------------------------------------------------------------------------------------
# Stereo Rectification. Only if you need to pre-rectify the images.
# Camera.fx, .fy, etc must be the same as in LEFT.P
#--------------------------------------------------------------------------------------------
LEFT.height: 960
LEFT.width: 1280
LEFT.D: !!opencv-matrix
   rows: 1
   cols: 5
   dt: d
   data: [-0.12750073424970873, 0.15011635681725247, 0.0008445798865336171, 0.0008379044820705185, 0.0]
LEFT.K: !!opencv-matrix
   rows: 3
   cols: 3
   dt: d
   data: [1646.4794266076815, 0.0, 659.7798745652932, 0.0, 1648.6808799686555, 499.9780496584215, 0.0, 0.0, 1.0]
LEFT.R:  !!opencv-matrix
   rows: 3
   cols: 3
   dt: d
   data: [0.9981077590655278, 0.01940231013334403, -0.058347679085629545, -0.019437900422498496, 0.9998110652658619, -4.241588766363443e-05, 0.05833583221618689, 0.0011764920025350914, 0.998296322013766]
LEFT.P:  !!opencv-matrix
   rows: 3
   cols: 4
   dt: d
   data: [1724.1651270689495, 0.0, 769.0583000183105, 0.0, 0.0, 1724.1651270689495, 492.23693466186523, 0.0, 0.0, 0.0, 1.0, 0.0]

RIGHT.height: 960
RIGHT.width: 1280
RIGHT.D: !!opencv-matrix
   rows: 1
   cols: 5
   dt: d
   data: [-0.13495602245484686, 0.24188021043946503, 0.0009449340406427676, -0.0010320972649566218, 0.0]
RIGHT.K: !!opencv-matrix
   rows: 3
   cols: 3
   dt: d
   data: [1653.5071137506, 0.0, 664.4232639763077, 0.0, 1653.2161008418927, 484.30742988171323, 0.0, 0.0, 1.0]
RIGHT.R:  !!opencv-matrix
   rows: 3
   cols: 3
   dt: d
   data: [0.9983741031906531, -0.005022973324094792, -0.05677957218264791, 0.005057607386617165, 0.9999871015077479, 0.00046628924055430905, 0.056776497653359424, -0.0007526998860457805, 0.9983866298970051]
RIGHT.P:  !!opencv-matrix
   rows: 3
   cols: 4
   dt: d
   data: [1724.1651270689495, 0.0, 769.0583000183105, -793.954130625767, 0.0, 1724.1651270689495, 492.23693466186523, 0.0, 0.0, 0.0, 1.0, 0.0]
#--------------------------------------------------------------------------------------------
# ORB Parameters
#--------------------------------------------------------------------------------------------

# ORB Extractor: Number of features per image
ORBextractor.nFeatures: 1200

# ORB Extractor: Scale factor between levels in the scale pyramid 	
ORBextractor.scaleFactor: 1.2

# ORB Extractor: Number of levels in the scale pyramid	
ORBextractor.nLevels: 8

# ORB Extractor: Fast threshold
# Image is divided in a grid. At each cell FAST are extracted imposing a minimum response.
# Firstly we impose iniThFAST. If no corners are detected we impose a lower value minThFAST
# You can lower these values if your images have low contrast			
ORBextractor.iniThFAST: 20
ORBextractor.minThFAST: 7

#--------------------------------------------------------------------------------------------
# Viewer Parameters
#--------------------------------------------------------------------------------------------
Viewer.KeyFrameSize: 0.05
Viewer.KeyFrameLineWidth: 1
Viewer.GraphLineWidth: 0.9
Viewer.PointSize:2
Viewer.CameraSize: 0.08
Viewer.CameraLineWidth: 3
Viewer.ViewpointX: 0
Viewer.ViewpointY: -0.7
Viewer.ViewpointZ: -1.8
Viewer.ViewpointF: 500

