%YAML:1.0

#--------------------------------------------------------------------------------------------
# Camera Parameters. Adjust them!
#--------------------------------------------------------------------------------------------

# Camera calibration and distortion parameters (OpenCV) 
Camera.fx: 711.5409116672012
Camera.fy: 713.066420866896
Camera.cx: 657.5197414857025
Camera.cy: 348.6165864875838

Camera.k1: 0.0
Camera.k2: 0.0
Camera.p1: 0.0
Camera.p2: 0.0

Camera.width: 1280
Camera.height: 720

# Camera frames per second 
Camera.fps: 10.0

# stereo basline times fx
Camera.bf:  85.44

# Color order of the images (0: BGR, 1: RGB. It is ignored if images are grayscale)
Camera.RGB: 1

# Close/Far threshold. Baseline times.
ThDepth: 35

#--------------------------------------------------------------------------------------------
# Stereo Rectification. Only if you need to pre-rectify the images.
# Camera.fx, .fy, etc must be the same as in LEFT.P
#--------------------------------------------------------------------------------------------
LEFT.height: 720
LEFT.width: 1280
LEFT.D: !!opencv-matrix
   rows: 1
   cols: 5
   dt: d
   data: [-0.16504067430308475, 0.020489848848335077, -8.465743013118889e-05, 0.0007429861414621026, 0.0]
LEFT.K: !!opencv-matrix
   rows: 3
   cols: 3
   dt: d
   data: [711.5409116672012, 0.0, 657.5197414857025, 0.0, 713.066420866896, 348.6165864875838, 0.0, 0.0, 1.0]
LEFT.R:  !!opencv-matrix
   rows: 3
   cols: 3
   dt: d
   data: [0.9998844865718562, 0.0017829636760914762, 0.015094189394107957, -0.0017136317914391867, 0.9999879287796551, -0.004604971341809403, -0.015102217685453738, 0.00457857352297146, 0.9998754720891376]
LEFT.P:  !!opencv-matrix
   rows: 3
   cols: 4
   dt: d
   data: [713.6643135421465, 0.0, 622.4469680786133, 0.0, 0.0, 713.6643135421465, 368.05366134643555, 0.0, 0.0, 0.0, 1.0, 0.0]

RIGHT.height: 720
RIGHT.width: 1280
RIGHT.D: !!opencv-matrix
   rows: 1
   cols: 5
   dt: d
   data: [-0.16207977503159382, 0.01737430910200699, -0.000318469915209832, -2.8816416714693087e-05, 0.0]
RIGHT.K: !!opencv-matrix
   rows: 3
   cols: 3
   dt: d
   data: [712.8416221847027, 0.0, 612.721192370792, 0.0, 713.734001483794, 384.344710947143, 0.0, 0.0, 1.0]
RIGHT.R:  !!opencv-matrix
   rows: 3
   cols: 3
   dt: d
   data: [0.9999992782727317, 0.0009420287371787288, -0.0007456781302513319, -0.0009385947217224667, 0.999989015052904, 0.004592255815104028, 0.0007499959759628251, -0.004591552611190622, 0.9999891775167643]
RIGHT.P:  !!opencv-matrix
   rows: 3
   cols: 4
   dt: d
   data: [713.6643135421465, 0.0, 622.4469680786133, -85.8185609390456, 0.0, 713.6643135421465, 368.05366134643555, 0.0, 0.0, 0.0, 1.0, 0.0]

#--------------------------------------------------------------------------------------------
# ORB Parameters
#--------------------------------------------------------------------------------------------

# ORB Extractor: Number of features per image
ORBextractor.nFeatures: 1200

# ORB Extractor: Scale factor between levels in the scale pyramid 	
ORBextractor.scaleFactor: 1.2

# ORB Extractor: Number of levels in the scale pyramid	
ORBextractor.nLevels: 8

# ORB Extractor: Fast threshold
# Image is divided in a grid. At each cell FAST are extracted imposing a minimum response.
# Firstly we impose iniThFAST. If no corners are detected we impose a lower value minThFAST
# You can lower these values if your images have low contrast			
ORBextractor.iniThFAST: 20
ORBextractor.minThFAST: 7

#--------------------------------------------------------------------------------------------
# Viewer Parameters
#--------------------------------------------------------------------------------------------
Viewer.KeyFrameSize: 0.05
Viewer.KeyFrameLineWidth: 1
Viewer.GraphLineWidth: 0.9
Viewer.PointSize:2
Viewer.CameraSize: 0.08
Viewer.CameraLineWidth: 3
Viewer.ViewpointX: 0
Viewer.ViewpointY: -0.7
Viewer.ViewpointZ: -1.8
Viewer.ViewpointF: 500

